i,j,dist
184,209,4.234289196547631
184,213,3.3929976422037185
186,213,3.669132049954049
187,209,4.387886621142348
187,212,4.949973939325336
187,213,3.463379563374475
190,212,4.908250808587514
190,213,4.111014716587623
190,216,2.788959841948246
194,216,2.8142348871407297
203,258,3.2733440088081207
204,258,4.190771885941781
204,260,3.3055179624379614
206,258,4.591649485751273
207,258,3.68198927211908
207,259,3.5053617502334897
207,260,2.8664195436118556
208,260,3.599858469440154
208,262,3.731832123769771
209,184,4.234289196547631
209,187,4.387886621142348
209,259,3.7980674032986843
209,260,3.5220779378088736
209,261,3.5896077780169815
210,260,4.943050980922611
212,187,4.949973939325336
212,190,4.908250808587514
212,221,3.8726356657966154
212,256,3.7364139224663013
212,258,3.457518474281808
212,259,3.489312396447186
213,184,3.3929976422037185
213,186,3.669132049954049
213,187,3.463379563374475
213,190,4.111014716587623
216,190,2.788959841948246
216,194,2.8142348871407297
216,221,3.551257523751269
217,219,4.532005736977833
217,220,4.77014234588445
217,221,4.095254326656643
218,219,3.3956363173932513
218,220,3.7555112834339885
218,221,4.817593278806337
219,217,4.532005736977833
219,218,3.3956363173932513
219,220,4.789967536424435
219,223,3.171816829515851
220,217,4.77014234588445
220,218,3.7555112834339885
220,219,4.789967536424435
221,212,3.8726356657966154
221,216,3.551257523751269
221,217,4.095254326656643
221,218,4.817593278806337
223,219,3.171816829515851
223,224,4.722765397518702
224,223,4.722765397518702
224,257,3.5262787751395908
224,258,3.587771035057841
225,232,3.9407081850855117
225,236,2.773325801271821
225,241,3.4079734447322125
225,254,4.328130081224453
225,257,3.2102451619775114
225,258,4.762760229110853
226,239,4.823475406799543
226,241,3.0019397062566053
226,257,3.0343477058504704
226,258,3.4049328921434023
226,259,2.904647655052163
226,260,3.9422361674562247
229,231,3.2351576468543293
229,232,3.7393908594849976
229,235,4.249808936881748
231,229,3.2351576468543293
232,225,3.9407081850855117
232,229,3.7393908594849976
235,229,4.249808936881748
236,225,2.773325801271821
239,226,4.823475406799543
241,225,3.4079734447322125
241,226,3.0019397062566053
251,260,3.716737951483802
253,258,4.019011321208244
254,225,4.328130081224453
256,212,3.7364139224663013
257,224,3.5262787751395908
257,225,3.2102451619775114
257,226,3.0343477058504704
258,203,3.2733440088081207
258,204,4.190771885941781
258,206,4.591649485751273
258,207,3.68198927211908
258,212,3.457518474281808
258,224,3.587771035057841
258,225,4.762760229110853
258,226,3.4049328921434023
258,253,4.019011321208244
259,207,3.5053617502334897
259,209,3.7980674032986843
259,212,3.489312396447186
259,226,2.904647655052163
260,204,3.3055179624379614
260,207,2.8664195436118556
260,208,3.599858469440154
260,209,3.5220779378088736
260,210,4.943050980922611
260,226,3.9422361674562247
260,251,3.716737951483802
261,209,3.5896077780169815
262,208,3.731832123769771
