i,j,dist
91,92,1.3418215231542543
91,93,3.3501310422131247
91,94,3.253311389953321
91,95,3.0500409833312054
91,101,3.75830107894511
91,103,4.7248114248084025
91,110,3.458597837274524
92,91,1.3418215231542543
92,93,1.3344909141691421
92,94,3.3137901261244633
92,95,3.3154102310272235
92,96,2.9777933104901684
92,157,4.112868828445665
93,91,3.3501310422131247
93,92,1.3344909141691421
93,94,1.3483953426202553
93,95,3.3703099264014282
93,96,3.4409529203405245
93,97,3.0739503899705376
94,91,3.253311389953321
94,92,3.3137901261244633
94,93,1.3483953426202553
94,95,1.3468292393618464
94,96,3.3563290959022485
94,97,2.7341814131472715
94,98,3.565623227431631
94,99,3.0053795101451035
94,101,3.2483134085244942
94,112,2.7594294700173085
95,91,3.0500409833312054
95,92,3.3154102310272235
95,93,3.3703099264014282
95,94,1.3468292393618464
95,96,1.3553102965741846
95,97,3.1932030940734117
95,98,3.2173844967613046
95,99,3.896859761397634
95,101,3.8679676834223984
96,92,2.9777933104901684
96,93,3.4409529203405245
96,94,3.3563290959022485
96,95,1.3553102965741846
96,97,1.337647561953451
96,98,3.2357705419266036
96,151,3.448101651633839
96,155,3.5793154373427374
96,156,3.402435892121995
96,157,3.592216446708073
97,93,3.0739503899705376
97,94,2.7341814131472715
97,95,3.1932030940734117
97,96,1.337647561953451
97,98,1.322956537456921
97,99,3.479984051687596
97,116,3.9918850183841665
97,155,4.380674149032314
98,94,3.565623227431631
98,95,3.2173844967613046
98,96,3.2357705419266036
98,97,1.322956537456921
98,99,1.3500318514761043
98,100,4.2141468887545885
98,113,4.79140167383199
99,94,3.0053795101451035
99,95,3.896859761397634
99,97,3.479984051687596
99,98,1.3500318514761043
99,100,1.3256775626071378
99,101,4.111930082090402
99,112,3.795658309173794
99,113,3.391220429285002
99,114,3.3644229817310403
100,98,4.2141468887545885
100,99,1.3256775626071378
100,101,1.3279356159091495
100,102,4.042922086808008
100,111,3.5098829040297015
100,112,3.425580242820187
100,113,2.996523986221363
101,91,3.75830107894511
101,94,3.2483134085244942
101,95,3.8679676834223984
101,99,4.111930082090402
101,100,1.3279356159091495
101,102,1.3311292198731164
101,103,4.063207722969632
101,110,3.82321762393929
101,111,3.3599205347745937
101,112,3.545558771195309
102,100,4.042922086808008
102,101,1.3311292198731164
102,103,1.337348496092177
102,104,4.263674588896297
102,109,4.55703159962711
102,110,3.778552632953522
102,111,2.805335095848627
103,91,4.7248114248084025
103,101,4.063207722969632
103,102,1.337348496092177
103,104,1.349853695775951
103,105,4.411386856760583
103,110,3.8532649792091926
104,102,4.263674588896297
104,103,1.349853695775951
104,105,1.3592108004279526
104,106,2.8640295040379726
104,107,3.1309199925900337
104,108,4.561281946996913
105,103,4.411386856760583
105,104,1.3592108004279526
105,106,1.3314991550879751
105,107,3.914821707306733
106,104,2.8640295040379726
106,105,1.3314991550879751
106,107,1.32772474557041
106,108,3.68033558252505
107,104,3.1309199925900337
107,105,3.914821707306733
107,106,1.32772474557041
107,108,1.3344489499415086
107,109,3.2262129501940846
108,104,4.561281946996913
108,106,3.68033558252505
108,107,1.3344489499415086
108,109,1.3352288193414619
108,110,4.317575708658739
109,102,4.55703159962711
109,107,3.2262129501940846
109,108,1.3352288193414619
109,110,1.3274388874822105
109,111,4.176140083857346
110,91,3.458597837274524
110,101,3.82321762393929
110,102,3.778552632953522
110,103,3.8532649792091926
110,108,4.317575708658739
110,109,1.3274388874822105
110,111,1.3278109805239597
110,112,3.898450717913463
111,100,3.5098829040297015
111,101,3.3599205347745937
111,102,2.805335095848627
111,109,4.176140083857346
111,110,1.3278109805239597
111,112,1.3290063957709146
111,113,4.012806748399426
112,94,2.7594294700173085
112,99,3.795658309173794
112,100,3.425580242820187
112,101,3.545558771195309
112,110,3.898450717913463
112,111,1.3290063957709146
112,113,1.3281453233739144
112,114,4.387427606240353
113,98,4.79140167383199
113,99,3.391220429285002
113,100,2.996523986221363
113,111,4.012806748399426
113,112,1.3281453233739144
113,114,1.34461927697024
113,115,4.352191402041044
114,99,3.3644229817310403
114,112,4.387427606240353
114,113,1.34461927697024
114,115,1.3503395869187846
114,116,3.5979509446350177
115,113,4.352191402041044
115,114,1.3503395869187846
115,116,1.3595885406989896
115,117,4.569779316334655
116,97,3.9918850183841665
116,114,3.5979509446350177
116,115,1.3595885406989896
116,117,1.3475214284010382
116,118,3.995983358323706
117,115,4.569779316334655
117,116,1.3475214284010382
117,118,1.3421467877993092
118,116,3.995983358323706
118,117,1.3421467877993092
136,137,1.3448542671977481
136,138,3.3053804622161076
137,136,1.3448542671977481
137,138,1.3440732866923575
137,139,4.444342133544633
137,149,3.293585584131686
137,228,4.744519048333561
137,230,3.4831062286413306
138,136,3.3053804622161076
138,137,1.3440732866923575
138,139,1.3264818129171658
138,140,3.7459650292014217
138,149,3.37874414538893
138,228,3.2711290099902803
138,230,4.517348447928275
139,137,4.444342133544633
139,138,1.3264818129171658
139,140,1.3341952630705816
139,141,4.69196334171528
139,146,3.3264611826985098
139,149,4.1113708176227535
139,150,3.8966255914573056
139,227,3.4592023647077985
139,228,2.9936055184342543
139,229,3.813066613632652
139,230,3.5041795045345534
139,233,3.5910240879169826
139,245,3.47519754834168
139,250,3.6794208783448545
139,251,4.062839032007055
139,252,3.661014203741912
140,138,3.7459650292014217
140,139,1.3341952630705816
140,141,1.340779251032776
140,142,3.2288428267724663
140,145,3.4458360378868926
140,146,2.8176117546603274
140,149,4.933361024697065
140,249,3.414815661203398
140,250,3.2146796107854994
140,251,4.428178971089577
141,139,4.69196334171528
141,140,1.340779251032776
141,142,1.3607303186157047
141,143,3.9072922849461835
141,146,4.79297287703572
141,246,4.718538015105943
141,247,3.9410740921733516
141,248,2.995598103885101
141,249,4.314586191050075
141,250,3.987838888420643
142,140,3.2288428267724663
142,141,1.3607303186157047
142,143,1.352891348187284
142,144,3.3414827547063566
142,145,3.269129241862423
142,146,3.0779195895929408
143,141,3.9072922849461835
143,142,1.352891348187284
143,144,1.3358195985985521
143,145,3.264262857062836
143,146,2.9994022737872283
143,147,2.790666049530107
143,148,4.8862285046853895
143,173,3.4162725301123165
143,174,4.021390058176401
143,175,3.677510842947982
143,245,3.536789080507909
143,246,3.9995284722076914
143,247,3.5491441221793187
144,142,3.3414827547063566
144,143,1.3358195985985521
144,145,1.3427713878393468
144,146,3.379500554815759
144,147,3.5586713812882427
144,148,3.220457886698721
145,140,3.4458360378868926
145,142,3.269129241862423
145,143,3.264262857062836
145,144,1.3427713878393468
145,146,1.345550444985254
145,147,3.3636295872167614
145,148,3.2910271952689842
145,149,3.0621810854356752
146,139,3.3264611826985098
146,140,2.8176117546603274
146,141,4.79297287703572
146,142,3.0779195895929408
146,143,2.9994022737872283
146,144,3.379500554815759
146,145,1.345550444985254
146,147,1.3484053544835897
146,148,3.317363260181194
146,149,3.20788980484056
146,150,3.249327468877217
146,245,3.621759241031907
146,249,4.041693085824307
146,251,4.86478725125776
147,143,2.790666049530107
147,144,3.5586713812882427
147,145,3.3636295872167614
147,146,1.3484053544835897
147,148,1.3536074024620266
147,149,3.263104043698269
147,150,3.2208250495796897
147,151,2.9410901040260584
147,161,3.7253253549186818
147,175,3.64129015597494
147,177,3.576619353523657
147,245,3.689297223049396
148,143,4.8862285046853895
148,144,3.220457886698721
148,145,3.2910271952689842
148,146,3.317363260181194
148,147,1.3536074024620266
148,149,1.350443260562989
148,150,3.321675631364391
148,151,3.3726786090583865
148,152,3.0598048957409056
149,137,3.293585584131686
149,138,3.37874414538893
149,139,4.1113708176227535
149,140,4.933361024697065
149,145,3.0621810854356752
149,146,3.20788980484056
149,147,3.263104043698269
149,148,1.350443260562989
149,150,1.3457886163881716
149,151,3.47037764515621
149,152,3.423281174545849
149,153,3.536467446478195
149,230,3.863476284384317
150,139,3.8966255914573056
150,146,3.249327468877217
150,147,3.2208250495796897
150,148,3.321675631364391
150,149,1.3457886163881716
150,151,1.3485710956416088
150,152,3.0394562013623427
150,153,2.8608182395950994
150,154,2.8000501781218134
150,159,3.965364169909243
150,177,3.7649871181718546
150,230,4.731349913079778
150,233,3.7743839232383323
150,234,4.813219504655899
150,237,3.5583448399501725
150,245,3.7489358490110245
151,96,3.448101651633839
151,147,2.9410901040260584
151,148,3.3726786090583865
151,149,3.47037764515621
151,150,1.3485710956416088
151,152,1.33363338290551
151,153,3.22575355537276
151,154,3.2438868660913536
151,155,3.6347512982321146
151,156,3.814526313973988
151,159,2.8000282141435657
151,160,4.572977257761073
151,161,3.35797349602405
151,177,4.373369181763648
152,148,3.0598048957409056
152,149,3.423281174545849
152,150,3.0394562013623427
152,151,1.33363338290551
152,153,1.3569885776969521
152,154,3.9225108030444025
152,155,3.230802222359024
153,149,3.536467446478195
153,150,2.8608182395950994
153,151,3.22575355537276
153,152,1.3569885776969521
153,154,1.3496021636022988
153,155,3.4635848481017457
153,230,3.731557315652539
153,231,3.67620701266945
153,234,3.6029322780202238
154,150,2.8000501781218134
154,151,3.2438868660913536
154,152,3.9225108030444025
154,153,1.3496021636022988
154,155,1.3371742593992773
154,156,3.4594781398355408
154,159,3.8619514497207237
154,179,3.895444262211948
154,234,3.345516850951433
154,237,3.6997174216418194
154,238,3.6743512352522885
155,96,3.5793154373427374
155,97,4.380674149032314
155,151,3.6347512982321146
155,152,3.230802222359024
155,153,3.4635848481017457
155,154,1.3371742593992773
155,156,1.322364926939604
155,157,3.8781165531737187
156,96,3.402435892121995
156,151,3.814526313973988
156,154,3.4594781398355408
156,155,1.322364926939604
156,157,1.358146162973633
156,158,3.0144336118083626
156,159,3.212222906337605
156,179,4.289897085012642
157,92,4.112868828445665
157,96,3.592216446708073
157,155,3.8781165531737187
157,156,1.358146162973633
157,158,1.3473013768270274
157,159,3.1958490264716817
157,160,3.097647655883416
158,156,3.0144336118083626
158,157,1.3473013768270274
158,159,1.3546800360232676
158,160,3.1302336973459344
158,178,3.662166298790922
158,179,3.490748487072649
158,180,2.825496062641042
159,150,3.965364169909243
159,151,2.8000282141435657
159,154,3.8619514497207237
159,156,3.212222906337605
159,157,3.1958490264716817
159,158,1.3546800360232676
159,160,1.3358577768609947
159,161,3.821710350091958
159,177,3.8372716870193098
159,178,3.6046611491234546
159,179,3.887136092292112
159,180,4.878905102581938
159,237,3.818254706014255
160,151,4.572977257761073
160,157,3.097647655883416
160,158,3.1302336973459344
160,159,1.3358577768609947
160,161,1.3147052901696286
160,162,4.305253302652469
160,176,3.7739874138634844
160,177,3.459652728237332
160,178,2.9383651917350204
160,179,4.793097328450565
160,180,3.4041981434693254
161,147,3.7253253549186818
161,151,3.35797349602405
161,159,3.821710350091958
161,160,1.3147052901696286
161,162,1.3121017491033171
161,163,4.176565455012049
161,175,3.9824559005719107
161,176,3.3019601754109638
161,177,3.608908560770137
161,178,4.622174596442668
162,160,4.305253302652469
162,161,1.3121017491033171
162,163,1.3310405703809318
162,164,3.986910834217386
162,174,3.956070145990849
162,175,3.439549679827291
162,176,2.7774747523604946
162,178,4.481347342038997
162,192,2.7794378928121493
163,161,4.176565455012049
163,162,1.3310405703809318
163,164,1.3315956593500824
163,165,4.770423146849756
163,174,3.4050195300467885
163,175,2.9398452340216807
163,176,4.878085997601925
164,162,3.986910834217386
164,163,1.3315956593500824
164,165,1.3376139203821102
164,166,3.857503985740003
164,172,3.8494364522615583
164,173,3.634744832859666
164,174,2.791655601968125
164,175,4.968291960020062
164,176,4.40717449166697
164,192,3.8638717628824093
164,195,4.24509222514659
164,196,3.9203645238676463
165,163,4.770423146849756
165,164,1.3376139203821102
165,166,1.3255523377068177
165,167,4.413202578626996
165,171,3.4084732652611502
165,172,3.413530284031474
165,173,2.7838990642622123
165,174,4.9763079687655996
165,196,2.7691198962847383
166,164,3.857503985740003
166,165,1.3255523377068177
166,167,1.3187683648010344
166,168,4.782675401906336
166,170,4.11303707739183
166,171,3.5488219172001294
166,172,2.719624422599563
166,174,3.572703458167219
166,195,3.3765446835485466
166,196,4.106918065898071
166,198,3.6741088715496737
166,200,3.680004483692919
167,165,4.413202578626996
167,166,1.3187683648010344
167,168,1.3440695666519609
167,169,3.84235552753776
167,170,3.3649745912859452
167,171,2.8306557544145097
167,172,4.752932252830877
167,198,4.341688496426241
167,200,4.845427328936013
168,166,4.782675401906336
168,167,1.3440695666519609
168,169,1.3547970327691212
168,170,3.809448647770449
168,171,4.4518958882705135
168,198,4.3912081481068475
168,199,2.868232208172827
169,167,3.84235552753776
169,168,1.3547970327691212
169,170,1.3408228816663332
169,171,4.555038528925969
170,166,4.11303707739183
170,167,3.3649745912859452
170,168,3.809448647770449
170,169,1.3408228816663332
170,171,1.343968377604183
170,172,3.8853122139668494
171,165,3.4084732652611502
171,166,3.5488219172001294
171,167,2.8306557544145097
171,168,4.4518958882705135
171,169,4.555038528925969
171,170,1.343968377604183
171,172,1.3239493948032919
171,173,4.374561578032709
172,164,3.8494364522615583
172,165,3.413530284031474
172,166,2.719624422599563
172,167,4.752932252830877
172,170,3.8853122139668494
172,171,1.3239493948032919
172,173,1.336875461664249
172,174,3.64299052977084
172,200,4.742663703025969
172,201,4.969764883774685
172,246,3.6527185766220724
172,247,4.188861539845881
173,143,3.4162725301123165
173,164,3.634744832859666
173,165,2.7838990642622123
173,171,4.374561578032709
173,172,1.336875461664249
173,174,1.3296382966807152
173,175,4.587443078665928
173,245,4.278027232264892
173,246,3.946938180412766
173,247,3.03296389691668
174,143,4.021390058176401
174,162,3.956070145990849
174,163,3.4050195300467885
174,164,2.791655601968125
174,165,4.9763079687655996
174,166,3.572703458167219
174,172,3.64299052977084
174,173,1.3296382966807152
174,175,1.3504232669796563
174,176,4.213618634855319
174,195,4.580480760793564
174,244,3.7943587073443585
174,245,3.2844836732734746
174,246,3.7929467436282347
174,247,4.994493067369308
175,143,3.677510842947982
175,147,3.64129015597494
175,161,3.9824559005719107
175,162,3.439549679827291
175,163,2.9398452340216807
175,164,4.968291960020062
175,173,4.587443078665928
175,174,1.3504232669796563
175,176,1.3278230303771663
175,177,4.229921275863185
175,243,3.801993556017683
175,244,3.5251164519771576
175,245,2.8364340288467864
176,160,3.7739874138634844
176,161,3.3019601754109638
176,162,2.7774747523604946
176,163,4.878085997601925
176,164,4.40717449166697
176,174,4.213618634855319
176,175,1.3278230303771663
176,177,1.3289446941088272
176,178,3.6051094296844894
176,188,4.7836811139539845
176,191,4.726324258871796
176,192,4.267025779158127
176,195,3.62894185679517
176,242,3.8384951478411407
176,243,3.430248095983723
176,244,4.595690698904788
176,245,4.9910223401623846
177,147,3.576619353523657
177,150,3.7649871181718546
177,151,4.373369181763648
177,159,3.8372716870193098
177,160,3.459652728237332
177,161,3.608908560770137
177,175,4.229921275863185
177,176,1.3289446941088272
177,178,1.3347621510965881
177,179,4.792237160241551
177,233,4.9411551281051755
177,237,3.590509434606737
177,241,4.213720683671378
177,242,3.1917719216761085
177,243,2.68984553459859
177,244,4.9149723295253676
177,245,3.6371707411118313
178,158,3.662166298790922
178,159,3.6046611491234546
178,160,2.9383651917350204
178,161,4.622174596442668
178,162,4.481347342038997
178,176,3.6051094296844894
178,177,1.3347621510965881
178,179,1.3427691536522601
178,180,3.543336422074541
178,183,4.019393113394112
178,188,3.9075954242986835
178,189,4.923271879553276
178,192,4.01811323882242
178,237,3.8286791456062232
178,241,4.178259087227592
178,242,3.967253079903019
178,243,4.966075714283859
179,154,3.895444262211948
179,156,4.289897085012642
179,158,3.490748487072649
179,159,3.887136092292112
179,160,4.793097328450565
179,177,4.792237160241551
179,178,1.3427691536522601
179,180,1.338651186829493
179,181,3.3282071750418436
179,182,3.017302934741557
179,183,2.8615535990087646
179,237,3.4958423877514817
179,238,3.8566360989857476
179,241,4.836132442355151
180,158,2.825496062641042
180,159,4.878905102581938
180,160,3.4041981434693254
180,178,3.543336422074541
180,179,1.338651186829493
180,181,1.3230362806816691
180,182,3.30365025388584
180,183,4.876201595504435
181,179,3.3282071750418436
181,180,1.3230362806816691
181,182,1.3443366393876264
181,183,3.8538068192373163
182,179,3.017302934741557
182,180,3.30365025388584
182,181,1.3443366393876264
182,183,1.3456875566044293
182,184,3.652395652171327
182,237,4.035436779333803
182,238,3.5158334715967365
182,239,4.119298241205654
182,240,3.5928325872492346
183,178,4.019393113394112
183,179,2.8615535990087646
183,180,4.876201595504435
183,181,3.8538068192373163
183,182,1.3456875566044293
183,184,1.3442250555617528
183,185,3.523694368131264
183,188,3.8293515116792305
183,240,3.4569618163931164
183,241,4.694936101801598
183,242,4.808603435510157
184,182,3.652395652171327
184,183,1.3442250555617528
184,185,1.3360931853729328
184,186,2.8794990883832514
184,187,3.1510325291878565
184,188,3.0146353013258453
184,240,4.33597013366097
185,183,3.523694368131264
185,184,1.3360931853729328
185,186,1.344079238735581
185,187,3.2452802652467536
185,188,3.184495250428235
185,189,2.8511402981964915
185,190,4.908948359883201
186,184,2.8794990883832514
186,185,1.344079238735581
186,187,1.3476475800445762
186,188,3.433548019177833
186,189,3.7117978123814876
186,190,3.161602758095962
187,184,3.1510325291878565
187,185,3.2452802652467536
187,186,1.3476475800445762
187,188,1.3500429622793528
187,189,3.4314359967803574
187,190,3.4495108348865924
187,191,2.990955700106573
187,192,4.984270658782484
187,242,3.91749537332209
187,256,4.470550189853593
187,259,4.3120877773997135
188,176,4.7836811139539845
188,178,3.9075954242986835
188,183,3.8293515116792305
188,184,3.0146353013258453
188,185,3.184495250428235
188,186,3.433548019177833
188,187,1.3500429622793528
188,189,1.352000369822432
188,190,3.271703837452285
188,191,3.2614541235467347
188,192,2.965587631482161
188,193,4.923418527811746
188,242,3.861594748287292
189,178,4.923271879553276
189,185,2.8511402981964915
189,186,3.7117978123814876
189,187,3.4314359967803574
189,188,1.352000369822432
189,190,1.3458454591817088
189,191,3.4918993399008533
189,192,3.0572474548194473
189,193,3.104642330446457
190,185,4.908948359883201
190,186,3.161602758095962
190,187,3.4495108348865924
190,188,3.271703837452285
190,189,1.3458454591817088
190,191,1.3386635126124815
190,192,3.3620627596759656
190,193,3.5086990466553254
190,194,2.942525955705402
190,221,3.807993828776515
191,176,4.726324258871796
191,187,2.990955700106573
191,188,3.2614541235467347
191,189,3.4918993399008533
191,190,1.3386635126124815
191,192,1.3493928264223163
191,193,3.3807967995725554
191,194,3.3308336794262168
191,195,2.9651026963665257
191,221,4.0226486299451905
191,222,3.7553733502808986
191,242,3.659023640262521
191,244,4.4606408732378355
191,255,3.6775728408829633
191,256,3.9966415901354027
192,162,2.7794378928121493
192,164,3.8638717628824093
192,176,4.267025779158127
192,178,4.01811323882242
192,187,4.984270658782484
192,188,2.965587631482161
192,189,3.0572474548194473
192,190,3.3620627596759656
192,191,1.3493928264223163
192,193,1.3512590425229376
192,194,3.3604456549689945
192,195,3.29571130410417
192,196,3.1308891708267126
193,188,4.923418527811746
193,189,3.104642330446457
193,190,3.5086990466553254
193,191,3.3807967995725554
193,192,1.3512590425229376
193,194,1.3427903782795005
193,195,3.355613058742022
193,196,3.4859026090813274
193,197,3.1289846595980633
194,190,2.942525955705402
194,191,3.3308336794262168
194,192,3.3604456549689945
194,193,1.3427903782795005
194,195,1.3433889980195544
194,196,3.3458956947280956
194,197,3.2563958604567707
194,198,2.943889094378382
194,221,3.42053007588005
194,222,4.069855648545781
195,164,4.24509222514659
195,166,3.3765446835485466
195,174,4.580480760793564
195,176,3.62894185679517
195,191,2.9651026963665257
195,192,3.29571130410417
195,193,3.355613058742022
195,194,1.3433889980195544
195,196,1.3365126262029878
195,197,3.0600284312404638
195,198,3.0315083704321197
195,244,3.864341858583423
196,164,3.9203645238676463
196,165,2.7691198962847383
196,166,4.106918065898071
196,192,3.1308891708267126
196,193,3.4859026090813274
196,194,3.3458956947280956
196,195,1.3365126262029878
196,197,1.3466926152615557
196,198,3.6436930441517665
197,193,3.1289846595980633
197,194,3.2563958604567707
197,195,3.0600284312404638
197,196,1.3466926152615557
197,198,1.3446118399002749
197,199,3.8546125615942217
198,166,3.6741088715496737
198,167,4.341688496426241
198,168,4.3912081481068475
198,194,2.943889094378382
198,195,3.0315083704321197
198,196,3.6436930441517665
198,197,1.3446118399002749
198,199,1.3425330535968087
198,200,3.3716693194914638
198,203,3.753584153845495
199,168,2.868232208172827
199,197,3.8546125615942217
199,198,1.3425330535968087
199,200,1.333708363923688
199,201,3.1771462037495253
199,202,3.2048968782162155
199,203,2.9779009385807362
200,166,3.680004483692919
200,167,4.845427328936013
200,172,4.742663703025969
200,198,3.3716693194914638
200,199,1.333708363923688
200,201,1.3247346904191843
200,202,3.446067468869417
200,203,3.530724713143182
200,204,2.9267608375130285
200,205,4.785616888134696
200,246,4.253744468112768
200,253,4.614868578843826
201,172,4.969764883774685
201,199,3.1771462037495253
201,200,1.3247346904191843
201,202,1.3466985557280426
201,203,3.3741477442459495
201,204,3.3730035576619204
201,205,2.8339710654839103
201,206,4.867829187635902
202,199,3.2048968782162155
202,200,3.446067468869417
202,201,1.3466985557280426
202,203,1.3508860055533936
202,204,3.367681843642601
202,205,3.453781840244108
202,206,2.9345590810205207
203,198,3.753584153845495
203,199,2.9779009385807362
203,200,3.530724713143182
203,201,3.3741477442459495
203,202,1.3508860055533936
203,204,1.3412714117582647
203,205,3.4400190406449807
203,206,2.7107912129118295
203,207,3.6278084293413264
203,219,4.8605717770649175
203,220,4.114417212680306
203,224,3.767081363602332
204,200,2.9267608375130285
204,201,3.3730035576619204
204,202,3.367681843642601
204,203,1.3412714117582647
204,205,1.3429478768738603
204,206,3.194560063608134
204,207,2.932176154326339
204,208,3.4258270534281223
204,224,4.294058569698361
204,246,4.841350637993493
204,249,3.891760655538828
204,251,4.312562347375398
204,253,3.9624367502838482
205,200,4.785616888134696
205,201,2.8339710654839103
205,202,3.453781840244108
205,203,3.4400190406449807
205,204,1.3429478768738603
205,206,1.3522377749493646
205,207,3.105338145838556
205,208,3.154203227441125
205,211,3.1628793843585012
206,201,4.867829187635902
206,202,2.9345590810205207
206,203,2.7107912129118295
206,204,3.194560063608134
206,205,1.3522377749493646
206,207,1.3366529093223884
206,208,3.3659205278794126
206,211,3.892869892508606
206,212,3.435741841291342
206,215,4.884690061815586
206,217,3.594414277737054
207,203,3.6278084293413264
207,204,2.932176154326339
207,205,3.105338145838556
207,206,1.3366529093223884
207,208,1.3523287322245303
207,209,3.6901898325153972
207,212,3.3855549028187393
208,204,3.4258270534281223
208,205,3.154203227441125
208,206,3.3659205278794126
208,207,1.3523287322245303
208,209,1.3372277292966988
208,210,3.2374071415254515
208,211,3.113505741122057
208,212,3.014205533801569
209,207,3.6901898325153972
209,208,1.3372277292966988
209,210,1.3469198194398972
209,211,3.345231979997801
209,212,2.9166756761765606
209,213,2.93084629416147
210,208,3.2374071415254515
210,209,1.3469198194398972
210,211,1.3409761369987125
210,212,3.2098191537842133
210,213,3.305323282222177
210,214,3.272205066923525
210,215,4.55913533468793
211,205,3.1628793843585012
211,206,3.892869892508606
211,208,3.113505741122057
211,209,3.345231979997801
211,210,1.3409761369987125
211,212,1.3362518475197704
211,213,3.3332856163251288
211,214,3.5901867639441787
211,215,2.9308295753932896
211,216,3.1030916841111873
212,206,3.435741841291342
212,207,3.3855549028187393
212,208,3.014205533801569
212,209,2.9166756761765606
212,210,3.2098191537842133
212,211,1.3362518475197704
212,213,1.343626064052047
212,214,3.41223753569414
212,215,4.905399881762956
212,216,3.022796387453182
213,209,2.93084629416147
213,210,3.305323282222177
213,211,3.3332856163251288
213,212,1.343626064052047
213,214,1.3583184457261859
213,215,4.211806500778497
213,216,2.7764988744820256
214,210,3.272205066923525
214,211,3.5901867639441787
214,212,3.41223753569414
214,213,1.3583184457261859
214,215,1.3533757793015195
214,216,3.046177604802455
215,206,4.884690061815586
215,210,4.55913533468793
215,211,2.9308295753932896
215,212,4.905399881762956
215,213,4.211806500778497
215,214,1.3533757793015195
215,216,1.36008860005516
215,217,3.2824664507044066
216,211,3.1030916841111873
216,212,3.022796387453182
216,213,2.7764988744820256
216,214,3.046177604802455
216,215,1.36008860005516
216,217,1.3319887386911364
216,218,4.161698691640232
217,206,3.594414277737054
217,215,3.2824664507044066
217,216,1.3319887386911364
217,218,1.3419258548817086
217,219,4.029698996203065
218,216,4.161698691640232
218,217,1.3419258548817086
218,219,1.3293020725177531
218,220,3.992461646653599
219,203,4.8605717770649175
219,217,4.029698996203065
219,218,1.3293020725177531
219,220,1.3480304150871345
219,221,3.92367276923038
219,222,4.8082338753434195
219,223,4.080361871207013
220,203,4.114417212680306
220,218,3.992461646653599
220,219,1.3480304150871345
220,221,1.339118366687579
220,222,3.4966099296318442
220,223,3.9244812396035273
221,190,3.807993828776515
221,191,4.0226486299451905
221,194,3.42053007588005
221,219,3.92367276923038
221,220,1.339118366687579
221,222,1.3465723151765752
221,223,4.280495765679484
221,256,4.581720310101876
222,191,3.7553733502808986
222,194,4.069855648545781
222,219,4.8082338753434195
222,220,3.4966099296318442
222,221,1.3465723151765752
222,223,1.3387774273567659
222,224,3.590360706112967
222,255,4.124790540136556
222,256,4.232001181474313
223,219,4.080361871207013
223,220,3.9244812396035273
223,221,4.280495765679484
223,222,1.3387774273567659
223,224,1.329731175839687
223,225,4.441099413433574
223,254,3.9448013891703053
223,255,3.9930381916530697
223,256,3.4699789624722497
223,257,2.890167815196894
223,258,3.840645518659591
224,203,3.767081363602332
224,204,4.294058569698361
224,222,3.590360706112967
224,223,1.329731175839687
224,225,1.3370990987955993
224,226,4.244707881586195
224,244,4.8469982463376216
224,253,3.8124665244432063
224,254,3.3210910857728666
224,255,4.018532816837503
224,257,3.8521114989055043
225,223,4.441099413433574
225,224,1.3370990987955993
225,226,1.3397574407332118
225,227,3.783523225777794
225,232,3.9234333178990086
225,236,4.836991730404347
225,252,3.4982547077078303
225,253,3.381072906637774
225,254,2.748835025970094
225,257,3.9459652811447783
226,224,4.244707881586195
226,225,1.3397574407332118
226,227,1.3336959923460805
226,228,4.523955459550851
226,251,3.7609819196587493
226,252,3.3925484521226785
226,253,3.7195530645495607
226,254,4.947944421676538
227,139,3.4592023647077985
227,225,3.783523225777794
227,226,1.3336959923460805
227,228,1.3288434821302266
227,229,3.1607690519871876
227,232,3.5885888591478383
227,233,3.6023987841436913
227,251,3.180521026498647
227,252,2.78948758735364
227,254,4.1068420958201015
228,137,4.744519048333561
228,138,3.2711290099902803
228,139,2.9936055184342543
228,226,4.523955459550851
228,227,1.3288434821302266
228,229,1.352385300127149
228,230,3.6067935898800685
228,250,3.9201849446167754
228,251,4.102912258384283
228,252,4.922164056591366
229,139,3.813066613632652
229,227,3.1607690519871876
229,228,1.352385300127149
229,230,1.357106480715497
229,231,2.883647863384155
229,232,3.134304548061661
229,233,3.3395463763810778
230,137,3.4831062286413306
230,138,4.517348447928275
230,139,3.5041795045345534
230,149,3.863476284384317
230,150,4.731349913079778
230,153,3.731557315652539
230,228,3.6067935898800685
230,229,1.357106480715497
230,231,1.3517729099223736
230,232,3.3169555318092523
230,233,3.2465313797959836
230,234,2.834654299910306
230,235,4.9660227546800435
231,153,3.67620701266945
231,229,2.883647863384155
231,230,1.3517729099223736
231,232,1.3434392431368039
231,233,3.3297660578485107
231,234,3.324180951753379
231,235,2.8269143955910643
232,225,3.9234333178990086
232,227,3.5885888591478383
232,229,3.134304548061661
232,230,3.3169555318092523
232,231,1.3434392431368039
232,233,1.3518616793148648
232,234,3.3643966769689926
232,235,3.3729248435148924
232,236,3.0331735855371016
232,254,4.749497341824712
233,139,3.5910240879169826
233,150,3.7743839232383323
233,177,4.9411551281051755
233,227,3.6023987841436913
233,229,3.3395463763810778
233,230,3.2465313797959836
233,231,3.3297660578485107
233,232,1.3518616793148648
233,234,1.3406822889857224
233,235,3.2375802692751843
233,236,3.1621682434683938
233,237,2.8736857865814085
233,243,3.79583534943232
233,245,4.289035555926299
233,252,4.322592509131527
233,254,3.8127095352255695
234,150,4.813219504655899
234,153,3.6029322780202238
234,154,3.345516850951433
234,230,2.834654299910306
234,231,3.324180951753379
234,232,3.3643966769689926
234,233,1.3406822889857224
234,235,1.3292294760499457
234,236,3.3881589396012735
234,237,3.2526054172001824
234,238,3.0720014648434004
235,230,4.9660227546800435
235,231,2.8269143955910643
235,232,3.3729248435148924
235,233,3.2375802692751843
235,234,1.3292294760499457
235,236,1.337114804345531
235,237,3.3077016189493307
235,238,3.1532922477943655
235,239,3.2800513715489283
236,225,4.836991730404347
236,232,3.0331735855371016
236,233,3.1621682434683938
236,234,3.3881589396012735
236,235,1.337114804345531
236,237,1.344736777217017
236,238,3.258357101362587
236,239,2.930783854193279
236,240,3.365579147784224
236,241,3.060967494110316
236,254,3.655452639550947
237,150,3.5583448399501725
237,154,3.6997174216418194
237,159,3.818254706014255
237,177,3.590509434606737
237,178,3.8286791456062232
237,179,3.4958423877514817
237,182,4.035436779333803
237,233,2.8736857865814085
237,234,3.2526054172001824
237,235,3.3077016189493307
237,236,1.344736777217017
237,238,1.3415953190138985
237,239,3.1302570182015415
237,240,3.2106326479371674
237,241,3.58539900150597
237,242,4.62234842909965
237,243,4.00142137246254
238,154,3.6743512352522885
238,179,3.8566360989857476
238,182,3.5158334715967365
238,234,3.0720014648434004
238,235,3.1532922477943655
238,236,3.258357101362587
238,237,1.3415953190138985
238,239,1.3437522093005048
238,240,3.4110224273669028
239,182,4.119298241205654
239,235,3.2800513715489283
239,236,2.930783854193279
239,237,3.1302570182015415
239,238,1.3437522093005048
239,240,1.3336791218280313
239,241,2.753053032544047
239,259,3.605071011783258
239,261,2.713042756758546
240,182,3.5928325872492346
240,183,3.4569618163931164
240,184,4.33597013366097
240,236,3.365579147784224
240,237,3.2106326479371674
240,238,3.4110224273669028
240,239,1.3336791218280313
240,241,1.3483908928793624
240,242,4.091267040905542
240,259,3.9687576141659204
240,261,4.931312705558227
241,177,4.213720683671378
241,178,4.178259087227592
241,179,4.836132442355151
241,183,4.694936101801598
241,236,3.060967494110316
241,237,3.58539900150597
241,239,2.753053032544047
241,240,1.3483908928793624
241,242,1.3438932249252487
241,243,4.302682651555887
241,254,3.7909621470017365
241,255,3.7543342951846963
241,256,2.9547700418137444
241,257,2.7637492650383475
241,258,4.2083926860501055
241,259,3.5752736958168674
242,176,3.8384951478411407
242,177,3.1917719216761085
242,178,3.967253079903019
242,183,4.808603435510157
242,187,3.91749537332209
242,188,3.861594748287292
242,191,3.659023640262521
242,237,4.62234842909965
242,240,4.091267040905542
242,241,1.3438932249252487
242,243,1.3437752788320008
242,244,4.178294029864343
242,253,3.5107472139133016
242,254,3.5304156979030132
242,255,2.8838082460524253
243,175,3.801993556017683
243,176,3.430248095983723
243,177,2.68984553459859
243,178,4.966075714283859
243,233,3.79583534943232
243,237,4.00142137246254
243,241,4.302682651555887
243,242,1.3437752788320008
243,244,1.3317710013361876
243,245,4.223768222807684
243,253,3.380442130846193
243,254,4.2311721780140354
244,174,3.7943587073443585
244,175,3.5251164519771576
244,176,4.595690698904788
244,177,4.9149723295253676
244,191,4.4606408732378355
244,195,3.864341858583423
244,224,4.8469982463376216
244,242,4.178294029864343
244,243,1.3317710013361876
244,245,1.3325591919310742
244,246,4.056811555889667
244,251,4.353106132407067
244,252,3.737840285512479
244,253,2.7600835132292607
244,254,4.98191388925983
244,255,4.146741130092405
245,139,3.47519754834168
245,143,3.536789080507909
245,146,3.621759241031907
245,147,3.689297223049396
245,150,3.7489358490110245
245,173,4.278027232264892
245,174,3.2844836732734746
245,175,2.8364340288467864
245,176,4.9910223401623846
245,177,3.6371707411118313
245,233,4.289035555926299
245,243,4.223768222807684
245,244,1.3325591919310742
245,246,1.342292442055743
245,247,4.13226015637932
245,251,3.995515986703091
245,252,3.5538515725899504
246,141,4.718538015105943
246,143,3.9995284722076914
246,172,3.6527185766220724
246,173,3.946938180412766
246,174,3.7929467436282347
246,200,4.253744468112768
246,204,4.841350637993493
246,244,4.056811555889667
246,245,1.342292442055743
246,247,1.3418308388168787
246,248,3.2845100091185633
246,249,3.124309523718806
246,251,4.9975608050327915
246,253,3.926285521966017
247,141,3.9410740921733516
247,143,3.5491441221793187
247,172,4.188861539845881
247,173,3.03296389691668
247,174,4.994493067369308
247,245,4.13226015637932
247,246,1.3418308388168787
247,248,1.328990594398623
247,249,3.3777516190507524
248,141,2.995598103885101
248,246,3.2845100091185633
248,247,1.328990594398623
248,249,1.359513883709913
248,250,3.6882150154241216
249,140,3.414815661203398
249,141,4.314586191050075
249,146,4.041693085824307
249,204,3.891760655538828
249,246,3.124309523718806
249,247,3.3777516190507524
249,248,1.359513883709913
249,250,1.3535634451328886
249,251,2.931288453905552
250,139,3.6794208783448545
250,140,3.2146796107854994
250,141,3.987838888420643
250,228,3.9201849446167754
250,248,3.6882150154241216
250,249,1.3535634451328886
250,251,1.3405842010108866
250,252,4.787456213898983
251,139,4.062839032007055
251,140,4.428178971089577
251,146,4.86478725125776
251,204,4.312562347375398
251,226,3.7609819196587493
251,227,3.180521026498647
251,228,4.102912258384283
251,244,4.353106132407067
251,245,3.995515986703091
251,246,4.9975608050327915
251,249,2.931288453905552
251,250,1.3405842010108866
251,252,1.3257209359439104
251,253,3.668606956325519
252,139,3.661014203741912
252,225,3.4982547077078303
252,226,3.3925484521226785
252,227,2.78948758735364
252,228,4.922164056591366
252,233,4.322592509131527
252,244,3.737840285512479
252,245,3.5538515725899504
252,250,4.787456213898983
252,251,1.3257209359439104
252,253,1.3322229543135782
252,254,4.031457676821125
253,200,4.614868578843826
253,204,3.9624367502838482
253,224,3.8124665244432063
253,225,3.381072906637774
253,226,3.7195530645495607
253,242,3.5107472139133016
253,243,3.380442130846193
253,244,2.7600835132292607
253,246,3.926285521966017
253,251,3.668606956325519
253,252,1.3322229543135782
253,254,1.3325539388707655
253,255,3.8983468291059
254,223,3.9448013891703053
254,224,3.3210910857728666
254,225,2.748835025970094
254,226,4.947944421676538
254,227,4.1068420958201015
254,232,4.749497341824712
254,233,3.8127095352255695
254,236,3.655452639550947
254,241,3.7909621470017365
254,242,3.5304156979030132
254,243,4.2311721780140354
254,244,4.98191388925983
254,252,4.031457676821125
254,253,1.3325539388707655
254,255,1.3363124634605499
254,256,4.250958715395857
254,257,4.071819249426476
255,191,3.6775728408829633
255,222,4.124790540136556
255,223,3.9930381916530697
255,224,4.018532816837503
255,241,3.7543342951846963
255,242,2.8838082460524253
255,244,4.146741130092405
255,253,3.8983468291059
255,254,1.3363124634605499
255,256,1.3467720668323866
255,257,4.054508848183705
256,187,4.470550189853593
256,191,3.9966415901354027
256,221,4.581720310101876
256,222,4.232001181474313
256,223,3.4699789624722497
256,241,2.9547700418137444
256,254,4.250958715395857
256,255,1.3467720668323866
256,257,1.3455913198293148
256,258,3.3082644997037316
256,259,3.620613345829679
257,223,2.890167815196894
257,224,3.8521114989055043
257,225,3.9459652811447783
257,241,2.7637492650383475
257,254,4.071819249426476
257,255,4.054508848183705
257,256,1.3455913198293148
257,258,1.3403081735183178
257,259,3.8795629908534814
258,223,3.840645518659591
258,241,4.2083926860501055
258,256,3.3082644997037316
258,257,1.3403081735183178
258,259,1.3415259967663697
258,260,4.028787658837331
259,187,4.3120877773997135
259,239,3.605071011783258
259,240,3.9687576141659204
259,241,3.5752736958168674
259,256,3.620613345829679
259,257,3.8795629908534814
259,258,1.3415259967663697
259,260,1.3446389850067646
259,261,3.482939132399531
260,258,4.028787658837331
260,259,1.3446389850067646
260,261,1.3485021319968324
260,262,3.6332071231901955
261,239,2.713042756758546
261,240,4.931312705558227
261,259,3.482939132399531
261,260,1.3485021319968324
261,262,1.353730032170368
262,260,3.6332071231901955
262,261,1.353730032170368
